Array_Size,Sorting_Time(ms)
1000,0.2475
2000,0.5375
3000,1.1016
4000,1.2885
5000,1.8314
6000,2.6498
7000,2.7742
8000,3.1743
9000,3.6619
10000,4.5715
11000,4.0797
12000,4.4875
13000,6.168
14000,5.4492
15000,6.4716
16000,7.0945
17000,7.8748
18000,8.2665
19000,9.4771
20000,10.1905
21000,11.3752
22000,10.8112
23000,10.25
24000,11.2997
25000,11.8598
26000,13.2997
27000,12.5637
28000,13.0068
29000,15.386
30000,14.8215
31000,14.5177
32000,16.6781
33000,18.3356
34000,16.1041
35000,18.4845
36000,17.3384
37000,19.408
38000,19.5168
39000,20.6001
40000,20.1404
41000,26.8806
42000,23.0289
43000,21.7168
44000,22.3219
45000,22.9229
46000,23.396
47000,24.3998
48000,26.8626
49000,25.9065
50000,26.9702
