1000,0.2756
2000,0.6129
3000,0.9063
4000,1.3359
5000,1.6773
6000,2.0201
7000,2.5046
8000,2.9181
9000,3.3234
10000,4.0367
11000,4.7809
12000,4.2889
13000,5.6008
14000,6.7404
15000,6.3311
16000,6.342
17000,7.7395
18000,7.7763
19000,7.231
20000,9.5288
21000,8.1388
22000,9.7063
23000,9.1555
24000,9.6476
25000,10.8296
26000,10.3513
27000,11.9465
28000,11.8439
29000,12.7371
30000,12.9687
31000,12.9816
32000,14.3475
33000,14.376
34000,14.1517
35000,15.4887
36000,15.8872
37000,16.1878
38000,16.5312
39000,16.7189
40000,19.5191
41000,17.3938
42000,18.6763
43000,19.4601
44000,19.3931
45000,20.1605
46000,21.629
47000,21.4326
48000,21.7801
49000,22.9175
50000,24.1232
