Array_Size,Sorting_Time(ms)
1000,0.172
2000,0.3521
3000,0.6859
4000,1.0116
5000,1.111
6000,1.1949
7000,1.2483
8000,1.4906
9000,2.0735
10000,2.0102
11000,2.3562
12000,2.9475
13000,2.7418
14000,2.7306
15000,3.0052
16000,3.4684
17000,4.6325
18000,6.0272
19000,4.8559
20000,5.2454
21000,4.9431
22000,4.9167
23000,5.6933
24000,5.8473
25000,6.8131
26000,5.9134
27000,6.4948
28000,6.8512
29000,6.2475
30000,6.8127
31000,7.1691
32000,7.2037
33000,7.5279
34000,8.7652
35000,7.8744
36000,9.0371
37000,9.4663
38000,8.6034
39000,9.3464
40000,9.1797
41000,9.935
42000,10.1633
43000,10.5393
44000,10.5296
45000,11.4496
46000,11.5264
47000,11.3
48000,11.5586
49000,11.3111
50000,12.4902
