1000,0.1097
2000,0.2461
3000,0.4084
4000,0.4388
5000,0.6011
6000,0.7326
7000,0.9029
8000,1.1032
9000,1.928
10000,1.4357
11000,1.4261
12000,1.6144
13000,1.8491
14000,1.8731
15000,2.4017
16000,2.7883
17000,2.4595
18000,2.5031
19000,3.398
20000,3.247
21000,2.9209
22000,3.5441
23000,3.6704
24000,5.6947
25000,4.0436
26000,4.1168
27000,3.8371
28000,4.1287
29000,4.1376
30000,5.0454
31000,6.1965
32000,4.7774
33000,5.8447
34000,6.3241
35000,6.9114
36000,5.8723
37000,5.6105
38000,7.1604
39000,5.8362
40000,6.8122
41000,7.0529
42000,7.4993
43000,6.4432
44000,7.0289
45000,6.743
46000,7.7705
47000,7.9287
48000,7.7526
49000,8.0804
50000,8.3695
