Array_Size,Sorting_Time(ms)
1000,0.2514
2000,0.6628
3000,1.0378
4000,1.2388
5000,1.5082
6000,1.7809
7000,2.1596
8000,3.0013
9000,3.114
10000,3.2852
11000,5.2933
12000,4.7082
13000,4.2244
14000,5.1827
15000,4.9406
16000,6.7994
17000,6.4013
18000,7.7569
19000,7.353
20000,7.0911
21000,8.7951
22000,9.2647
23000,9.3315
24000,9.4923
25000,9.695
26000,10.3657
27000,10.9653
28000,10.6296
29000,10.2908
30000,11.0732
31000,13.028
32000,11.8944
33000,12.1788
34000,13.4561
35000,12.5114
36000,13.9603
37000,13.7288
38000,15.0671
39000,15.036
40000,16.1914
41000,15.4422
42000,16.5967
43000,16.4759
44000,17.7128
45000,18.1781
46000,19.6868
47000,19.1001
48000,18.7423
49000,19.7769
50000,20.731
