1000,0.3353
2000,0.5689
3000,0.8992
4000,1.2351
5000,1.6046
6000,2.2827
7000,3.0472
8000,3.0846
9000,3.4376
10000,4.0532
11000,4.6805
12000,5.1365
13000,5.6899
14000,5.7587
15000,6.0603
16000,6.3583
17000,7.1889
18000,6.3846
19000,7.8292
20000,7.5828
21000,8.7025
22000,9.0112
23000,8.6077
24000,10.5636
25000,10.35
26000,11.3473
27000,11.1212
28000,11.2514
29000,11.451
30000,11.9477
31000,12.2338
32000,12.5404
33000,13.4017
34000,13.8211
35000,14.3313
36000,14.7166
37000,14.7078
38000,15.5614
39000,15.8569
40000,16.8903
41000,16.8409
42000,17.0726
43000,17.4595
44000,18.2221
45000,18.1804
46000,19.3904
47000,19.6145
48000,19.6579
49000,19.2771
50000,20.988
